22
16.5
15.6666666667
13.5
12.8
12.1666666667
11.4285714286
12.875
12.5555555556
12.1
12.3636363636
12.0833333333
11.3846153846
11.1428571429
10.7333333333
11.25
11.9411764706
12.1666666667
12.2105263158
12.45
12.4761904762
12.8181818182
13.0
13.25
13.04
13.5769230769
13.7777777778
14.1785714286
14.6206896552
14.7
15.0967741935
14.84375
14.696969697
14.4705882353
14.7142857143
14.75
14.972972973
14.8157894737
14.5384615385
14.6
14.7317073171
14.8333333333
14.7441860465
14.7954545455
14.8
14.6086956522
14.3829787234
14.3333333333
14.387755102
14.56
14.4901960784
14.5961538462
14.6603773585
14.7407407407
14.6545454545
14.8214285714
14.8947368421
14.8965517241
14.8983050847
14.7
14.7868852459
14.7580645161
14.6507936508
14.65625
14.7230769231
14.7575757576
14.7611940299
14.8676470588
14.9130434783
15.0142857143
15.1126760563
15.0833333333
15.0684931507
15.027027027
15.0266666667
14.8684210526
14.9090909091
14.9615384615
14.8734177215
14.7625
14.7777777778
14.8292682927
14.7831325301
14.8214285714
14.8470588235
14.9069767442
14.8045977011
14.8409090909
14.9325842697
14.9777777778
15.0989010989
14.9891304348
15.0322580645
15.0744680851
15.0631578947
15.1041666667
15.1855670103
15.1530612245
15.1919191919
15.26
15.2772277228
15.2843137255
15.2718446602
15.2788461538
15.2857142857
15.2830188679
15.2710280374
15.3240740741
15.3027522936
15.3454545455
15.2882882883
15.3035714286
15.2300884956
15.201754386
15.1565217391
15.1637931034
15.2051282051
15.2372881356
15.2857142857
15.3
15.3388429752
15.3524590164
15.4308943089
15.3790322581
15.344
15.3174603175
15.3464566929
15.375
15.3565891473
15.3615384615
15.3511450382
15.3939393939
15.3984962406
15.447761194
15.4962962963
15.4338235294
15.4744525547
15.5362318841
15.5107913669
15.4642857143
15.4822695035
15.4647887324
15.4545454545
15.4305555556
15.4689655172
15.5136986301
15.5034013605
15.527027027
15.5234899329
15.4666666667
15.4834437086
15.4802631579
15.4901960784
15.4935064935
15.4322580645
15.4102564103
15.4394904459
15.4936708861
15.5031446541
15.525
15.5341614907
15.5740740741
15.5828220859
15.6341463415
15.6909090909
15.7228915663
15.7185628743
15.6785714286
15.6982248521
15.6882352941
15.6315789474
15.5988372093
15.5317919075
15.5517241379
15.5542857143
15.5511363636
15.5988700565
15.5505617978
15.5810055866
15.5333333333
15.5027624309
15.543956044
15.5245901639
15.5706521739
15.5567567568
15.5322580645
15.5454545455
15.579787234
15.5925925926
15.5631578947
15.5497382199
15.5989583333
15.6476683938
15.6958762887
15.6871794872
15.6785714286
15.7106598985
15.7070707071
15.7035175879
15.675
15.6567164179
15.6485148515
15.6650246305
15.7009803922
15.6829268293
15.6844660194
15.6666666667
15.6442307692
15.6602870813
15.6714285714
15.6872037915
15.7028301887
15.6713615023
15.6121495327
15.623255814
15.5740740741
15.5668202765
15.5871559633
15.5936073059
15.5590909091
15.5791855204
15.5855855856
15.5650224215
15.5848214286
15.6044444444
15.5619469027
15.563876652
15.5570175439
15.5327510917
15.5347826087
15.5541125541
15.5344827586
15.5364806867
15.5213675214
15.5446808511
15.5847457627
15.6033755274
15.5672268908
15.5857740586
15.6208333333
15.6390041494
15.6157024793
15.5761316872
15.5778688525
15.6081632653
15.6219512195
15.6194331984
15.6048387097
15.578313253
15.596
15.6135458167
15.6428571429
15.6600790514
15.6299212598
15.6431372549
15.61328125
15.6186770428
15.6085271318
15.6332046332
15.6076923077
15.6168582375
15.6450381679
15.6159695817
15.6363636364
15.6490566038
15.6428571429
15.6404494382
15.6492537313
15.6282527881
15.6148148148
15.6236162362
15.6323529412
15.6336996337
15.6459854015
15.6327272727
15.6195652174
15.6317689531
15.6258992806
15.6200716846
15.6428571429
15.6370106762
15.6382978723
15.6395759717
15.6514084507
15.6561403509
15.6153846154
15.6480836237
15.6527777778
15.6747404844
15.6379310345
15.6597938144
15.6506849315
15.6313993174
15.619047619
15.5898305085
15.6013513514
15.6060606061
15.6241610738
15.6387959866
15.64
15.6079734219
15.6291390728
15.6501650165
15.6710526316
15.6885245902
15.6830065359
15.6872964169
15.6980519481
15.6666666667
15.6387096774
15.6430868167
15.6570512821
15.6357827476
15.6656050955
15.6476190476
15.6455696203
15.6403785489
15.6289308176
15.6269592476
15.615625
15.5950155763
15.599378882
15.613003096
15.5956790123
15.5969230769
15.5858895706
15.6146788991
15.6219512195
15.623100304
15.6121212121
15.6314199396
15.6385542169
15.6576576577
15.6467065868
15.6358208955
15.6130952381
15.6023738872
15.6213017751
15.6430678466
15.6117647059
15.6363636364
15.6578947368
15.6588921283
15.6744186047
15.6956521739
15.7080924855
15.7233429395
15.7356321839
15.7564469914
15.78
15.7692307692
15.7698863636
15.776203966
15.7768361582
15.7802816901
15.7780898876
15.7675070028
15.7765363128
15.7771587744
15.7833333333
15.7867036011
15.8038674033
15.8044077135
15.8269230769
15.8082191781
15.825136612
15.8092643052
15.8206521739
15.8238482385
15.8081081081
15.795148248
15.7849462366
15.7613941019
15.7780748663
15.7893333333
15.7845744681
15.8037135279
15.8068783069
15.7810026385
15.7657894737
15.7454068241
15.7303664921
15.7336814621
15.7057291667
15.7298701299
15.7461139896
15.7571059432
15.7396907216
15.7300771208
15.7153846154
15.6982097187
15.7142857143
15.6997455471
15.6751269036
15.6810126582
15.6590909091
15.6549118388
15.6783919598
15.6992481203
15.6825
15.7007481297
15.6890547264
15.682382134
15.6806930693
15.6864197531
15.7019704433
15.7125307125
15.6887254902
15.6699266504
15.656097561
15.6739659367
15.6529126214
15.6610169492
15.6618357488
15.6674698795
15.65625
15.6666666667
15.6387559809
15.6205250597
15.619047619
15.6104513064
15.6042654028
15.6028368794
15.5990566038
15.5811764706
15.558685446
15.5480093677
15.558411215
15.5594405594
15.5697674419
15.56612529
15.5462962963
15.558891455
15.5668202765
15.5655172414
15.5848623853
15.6132723112
15.6187214612
15.6195899772
15.6022727273
15.5963718821
15.6040723982
15.6027088036
15.6103603604
15.6179775281
15.634529148
15.6375838926
15.6473214286
15.6302895323
15.6422222222
15.6541019956
15.6548672566
15.6644591611
15.6674008811
15.6769230769
15.6754385965
15.6892778993
15.7008733624
15.6993464052
15.7173913043
15.715835141
15.7142857143
15.7062634989
15.7004310345
15.7032258065
15.69527897
15.6788008565
15.6816239316
15.7014925373
15.7021276596
15.7070063694
15.6949152542
15.6955602537
15.6856540084
15.7010526316
15.6932773109
15.679245283
15.6736401674
15.6555323591
15.66875
15.6777546778
15.6680497925
15.6811594203
15.6652892562
15.6659793814
15.670781893
15.6796714579
15.6557377049
15.6564417178
15.6530612245
15.6252545825
15.5975609756
15.6105476673
15.6234817814
15.6262626263
15.6391129032
15.6559356137
15.6706827309
15.6673346693
15.666
15.6686626747
15.6653386454
15.6640159046
15.6686507937
15.6891089109
15.6996047431
15.7140039448
15.7125984252
15.7111984283
15.7156862745
15.6927592955
15.697265625
15.701754386
15.7081712062
15.7106796117
15.7112403101
15.7311411992
15.7239382239
15.732177264
15.7365384615
15.7389635317
15.7375478927
15.7437858509
15.7461832061
15.7523809524
15.7642585551
15.7628083491
15.7518939394
15.7353497164
15.741509434
15.7514124294
15.7612781955
15.7598499062
15.765917603
15.7607476636
15.7686567164
15.782122905
15.7936802974
15.8051948052
15.8074074074
15.8003696858
15.8007380074
15.8011049724
15.7849264706
15.7908256881
15.7710622711
15.7659963437
15.7645985401
15.7723132969
15.7727272727
15.77676951
15.7844202899
15.7974683544
15.8032490975
15.7963963964
15.8039568345
15.8078994614
15.8136200717
15.8050089445
15.8142857143
15.8146167558
15.8202846975
15.8188277087
15.8315602837
15.8088495575
15.796819788
15.7971781305
15.7957746479
15.8014059754
15.8035087719
15.8126094571
15.8234265734
15.8289703316
15.8170731707
15.8139130435
15.8003472222
15.7920277296
15.7941176471
15.7772020725
15.7862068966
15.7779690189
15.7886597938
15.7924528302
15.8047945205
15.7931623932
15.8088737201
15.8177172061
15.8197278912
15.8302207131
15.8186440678
15.8138747885
15.8057432432
15.8094435076
15.7912457912
15.7983193277
15.7969798658
15.8056951424
15.7859531773
15.776293823
15.7733333333
15.7737104825
15.7674418605
15.7794361526
15.7831125828
15.7801652893
15.7871287129
15.784184514
15.7746710526
15.7816091954
15.7950819672
15.7970540098
15.7973856209
15.779771615
15.7899022801
15.7967479675
15.7987012987
15.794165316
15.8025889968
15.7867528271
15.7903225806
15.7874396135
15.7877813505
15.7913322632
15.7916666667
15.7888
15.7699680511
15.7623604466
15.7675159236
15.7615262321
15.7619047619
15.7622820919
15.7721518987
15.7835703002
15.7870662461
15.7811023622
15.784591195
15.7708006279
15.763322884
15.7464788732
15.740625
15.7410296412
15.7336448598
15.7309486781
15.7453416149
15.7534883721
15.7647058824
15.7650695518
15.7484567901
15.7565485362
15.76
15.7711213518
15.7745398773
15.7687595712
15.7813455657
15.7603053435
15.7591463415
15.7579908676
15.7477203647
15.7572078907
15.7621212121
15.7624810893
15.7658610272
15.7707390649
15.7680722892
15.7729323308
15.7717717718
15.7856071964
15.7919161677
15.7937219731
15.8059701493
15.8062593145
15.8110119048
15.8068350669
15.8056379822
15.8059259259
15.8091715976
15.8124076809
15.8112094395
15.8203240059
15.8323529412
15.8414096916
15.8299120235
15.8330893119
15.8201754386
15.8364963504
15.8236151603
15.8296943231
15.835755814
15.8432510885
15.8405797101
15.8393632417
15.8367052023
15.8369408369
15.8299711816
15.8316546763
15.8275862069
15.8307030129
15.8223495702
15.8226037196
15.8128571429
15.8145506419
15.8091168091
15.8065433855
15.796875
15.8042553191
15.8087818697
15.8118811881
15.8206214689
15.8293370945
15.8154929577
15.8101265823
15.8005617978
15.8008415147
15.7885154062
15.7818181818
15.7877094972
15.7852161785
15.7701949861
15.7816411683
15.775
15.7725381415
15.7797783934
15.7869986169
15.7928176796
15.7931034483
15.7975206612
15.788170564
15.7857142857
15.7736625514
15.7835616438
15.7756497948
15.7691256831
15.7748976808
15.780653951
15.7918367347
15.7826086957
15.789687924
15.7940379404
15.8037889039
15.8054054054
15.8110661269
15.8180592992
15.8317631225
15.8387096774
15.8348993289
15.8378016086
15.8366800535
15.8221925134
15.8184245661
15.8186666667
15.8082556591
15.8018617021
15.7888446215
15.7785145889
15.7867549669
15.7817460317
15.7886393659
15.7941952507
15.790513834
15.7868421053
15.7831800263
15.7742782152
15.7732634338
15.7722513089
15.7660130719
15.7754569191
15.7757496741
15.7734375
15.7685305592
15.7688311688
15.7548638132
15.75
15.7567917206
15.7532299742
15.744516129
15.743556701
15.7387387387
15.7455012853
15.7535301669
15.7487179487
15.7439180538
15.7378516624
15.7279693487
15.7346938776
15.7426751592
15.7366412214
15.7331639136
15.7487309645
15.7541191381
15.7518987342
15.7623261694
15.7702020202
15.7591424968
15.7481108312
15.7496855346
15.75
15.7490589711
15.7644110276
15.7734668335
15.775
15.7715355805
15.7718204489
15.7808219178
15.789800995
15.7900621118
15.7754342432
15.7831474597
15.7933168317
15.7948084054
15.7987654321
15.8051787916
15.7980295567
15.8019680197
15.8083538084
15.8134969325
15.8112745098
15.8029375765
15.7946210269
15.7863247863
15.7780487805
15.784409257
15.7785888078
15.7654921021
15.7669902913
15.7745454545
15.7663438257
15.7654171705
15.7657004831
15.7720144753
15.7554216867
15.7533092659
15.7451923077
15.7394957983
15.7446043165
15.7353293413
15.7332535885
15.7240143369
15.7207637232
15.7199046484
15.7166666667
15.727705113
15.7315914489
15.7212336892
15.7298578199
15.7289940828
15.719858156
15.7249114522
15.733490566
15.7373380448
15.7317647059
15.7356051704
15.7288732394
15.7373974209
15.737704918
15.7426900585
15.7441588785
15.7514585764
15.7400932401
15.7427240978
15.7465116279
15.7421602787
15.7273781903
15.7369640788
15.7488425926
15.7479768786
15.7378752887
15.7416378316
15.7373271889
15.7272727273
15.7344827586
15.7324913892
15.7396788991
15.7342497136
15.7437070938
15.744
15.74543379
15.7445838084
15.7471526196
15.755403868
15.7590909091
15.7593643587
15.7562358277
15.7655719139
15.7556561086
15.7615819209
15.7618510158
15.7621195039
15.7747747748
15.7716535433
15.7629213483
15.7620650954
15.764573991
15.764837626
15.7662192394
15.7586592179
15.7622767857
15.7636566332
15.7605790646
15.7474972191
15.7566666667
15.7602663707
15.7616407982
15.7541528239
15.7522123894
15.7502762431
15.7494481236
15.7398015436
15.7455947137
15.7524752475
15.7538461538
15.7639956092
15.7719298246
15.7721796276
15.7658643326
15.7661202186
15.7718340611
15.7666303162
15.7712418301
15.7801958651
15.7891304348
15.789359392
15.7971800434
15.7973997833
15.8051948052
15.8097297297
15.813174946
15.8047464941
15.8060344828
15.8040904198
15.8075268817
15.8141783029
15.8229613734
15.8263665595
15.8254817987
15.8288770053
15.8322649573
15.8271077908
15.8272921109
15.8242811502
15.8159574468
15.8204038257
15.8174097665
15.8176033934
15.8209745763
15.8275132275
15.8350951374
15.8321013728
15.832278481
15.822971549
15.8305263158
15.8359621451
15.8371848739
15.8363064008
15.8396226415
15.8418848168
15.8326359833
15.8328108673
15.8413361169
15.8383733055
15.846875
15.8397502601
15.840956341
15.8431983385
15.8423236515
15.8393782383
15.8416149068
15.829369183
15.8398760331
15.8482972136
15.8494845361
15.850669413
15.8518518519
15.8499486125
15.8459958932
15.8502564103
15.8493852459
15.846468782
15.8527607362
15.8590398366
15.8530612245
15.8511722732
15.8452138493
15.8423194303
15.8353658537
15.8294416244
15.831643002
15.8267477204
15.8238866397
15.8240647118
15.8242424242
15.8264379415
15.8296370968
15.8298086606
15.8299798793
15.8301507538
15.8363453815
15.8294884654
15.8246492986
15.8168168168
15.812
15.8211788212
15.8213572854
15.8095712861
15.8177290837
15.8228855721
15.8260437376
15.8202581927
15.8154761905
15.8176412289
15.8128712871
15.8090999011
15.8063241107
15.7986179664
15.8047337278
15.7990147783
15.8080708661
15.8171091445
15.8163064833
15.8253189401
15.8323529412
15.8383937316
15.8326810176
15.8396871945
15.8466796875
15.8517073171
15.8411306043
15.8461538462
15.8375486381
15.833819242
15.827184466
15.8273520854
15.8265503876
15.825750242
15.8268858801
15.8144927536
15.8146718147
15.8177434908
15.8111753372
15.8055822907
15.8105769231
15.8117195005
15.8147792706
15.8197507191
15.8170498084
15.8066985646
15.810707457
15.8127984718
15.8091603053
15.8160152526
15.8171428571
15.8201712655
15.8203422053
15.8205128205
15.8282732448
15.8255924171
15.8285984848
15.8259224219
15.8279773157
15.8338054769
15.8254716981
15.8303487276
15.8361581921
15.8334901223
15.8308270677
15.8244131455
15.8208255159
15.8266166823
15.8202247191
15.8138447147
15.8112149533
15.8160597572
15.822761194
15.8145386766
15.8165735568
15.8176744186
15.8224907063
15.8180129991
15.8256029685
15.827618165
15.8342592593
15.8316373728
15.8271719039
15.8310249307
15.8219557196
15.8285714286
15.8278084715
15.8233670653
15.8272058824
15.8218549128
15.8275229358
15.8285976169
15.8296703297
15.8307410796
15.8382084095
15.8465753425
15.8531021898
15.8605287147
15.864298725
15.8598726115
15.8609090909
15.8692098093
15.8747731397
15.8730734361
15.875
15.8760180995
15.8688969259
15.8690153568
15.869133574
15.8719567178
15.8756756757
15.8721872187
15.8705035971
15.8733153639
15.8671454219
15.869955157
15.873655914
15.8755595345
15.8640429338
15.8668453977
15.8696428571
15.8751115076
15.8752228164
15.875333927
15.8825622776
15.8826666667
15.8792184725
15.8784383319
15.8732269504
15.8742249779
15.8752212389
15.8762157383
15.8772084806
15.8781994704
15.8756613757
15.8713656388
15.8626760563
15.8627968338
15.8646748682
15.867427568
15.8631578947
15.865907099
15.8721541156
15.8783902012
15.8837412587
15.8899563319
15.8961605585
15.8884045336
15.8902439024
15.8868581375
15.8817391304
15.8853171156
15.8793402778
15.8751084128
15.8717504333
15.8753246753
15.8814878893
15.8781331029
15.8739205527
15.8679896462
15.8706896552
15.8699397071
15.8700516351
15.864144454
15.8702749141
15.8729613734
15.8662092624
15.8731790917
15.8707191781
15.876817793
15.8829059829
15.8889837746
15.8950511945
15.9002557545
15.9037478705
15.8995744681
15.9039115646
15.9048428207
15.9100169779
15.9007633588
15.8949152542
15.8950042337
15.8866328257
15.8841927303
15.8859797297
15.8911392405
15.8903878583
15.8963774221
15.8897306397
15.8948696384
15.9
15.9042821159
15.9110738255
15.9077954736
15.9078726968
15.9071129707
15.9063545151
15.9122807018
15.9131886477
15.9190992494
15.9258333333
15.9325562032
15.9359400998
15.9301745636
15.9285714286
15.9319502075
15.9353233831
15.9370339685
15.9362582781
15.9396195203
15.9421487603
15.9463253509
15.9471947195
15.9455894477
15.9522240527
15.9555555556
15.9481907895
15.9457682827
15.9532019704
15.95488105
15.9549180328
15.9467649468
15.937806874
15.931316435
15.9321895425
15.9379591837
15.9437194127
15.9470252649
15.9527687296
15.9503661513
15.9520325203
15.9585702681
15.9569805195
15.9578264396
15.9586709887
15.955465587
15.9611650485
15.9555375909
15.9531502423
15.9556093624
15.9564516129
15.9597099114
15.961352657
15.9629927595
15.9662379421
15.9710843373
15.9662921348
15.9591018444
15.9591346154
15.9543634908
15.956
15.9512390088
15.947284345
15.954509178
15.9585326954
15.9609561753
15.9641719745
15.969769292
15.9642289348
15.9618745036
15.9619047619
15.9547977795
15.9516640254
15.945368171
15.9485759494
15.9533596838
15.9462875197
15.9408050513
15.9392744479
15.9424743893
15.9346456693
15.9276160504
15.9284591195
15.9324430479
15.9356357928
15.9333333333
15.9286833856
15.9295223179
15.9350547731
15.9366692729
15.93515625
15.9305230289
15.9344773791
15.9337490257
15.9384735202
15.9416342412
15.9424572317
15.9463869464
15.9510869565
15.9464701319
15.9434108527
15.947327653
15.9496904025
15.9427687548
15.9474497682
15.9420849421
15.9452160494
15.9421742483
15.9391371341
15.9391839877
15.9430769231
15.9369715603
15.9377880184
15.9370683039
15.9325153374
15.9325670498
15.9341500766
15.9387911247
15.9457186544
15.9480519481
15.9496183206
15.9572845156
15.9588414634
15.959634425
15.9611872146
15.9589353612
15.9582066869
15.9589977221
15.9628224583
15.966641395
15.9621212121
15.955336866
15.9606656581
15.9652305367
15.9592145015
15.958490566
15.9562594268
15.9510173323
15.953313253
15.9533483822
15.9443609023
15.9451540195
15.9489489489
15.951987997
15.9527736132
15.9483146067
15.9461077844
15.9439042633
15.9484304933
15.9551904406
15.9559701493
15.9574944072
15.9627421759
15.9612807148
15.9635416667
15.9635687732
15.9658246657
15.9658500371
15.9621661721
15.9621942179
15.9703703704
15.9733530718
15.975591716
15.9770879527
15.976366322
15.9712177122
15.9749262537
15.9801031688
15.9808541973
15.9852832965
15.9882352941
15.9911829537
15.9948604993
15.9889948643
15.9948680352
15.9978021978
16.0
16.0007315289
16.0021929825
16.0065741417
16.0080291971
16.0102115244
16.0065597668
16.0080116533
16.0036390102
16.0021818182
16.0
16.0043572985
16.0087082729
16.0152284264
16.0144927536
16.018826937
16.018089725
16.021691974
16.0187861272
16.0180505415
16.0173160173
16.0194664744
16.0187319885
16.0194384449
16.0215827338
16.019410496
16.0129310345
16.0143575018
16.012195122
16.0114695341
16.0093123209
16.0136005727
16.0164520744
16.0171551108
16.0214285714
16.0235546039
16.0171184023
16.0099786172
16.0078347578
16.0056939502
16.0049786629
16.0071073205
16.0063920455
15.9985805536
15.9971631206
15.9971651311
15.9950424929
15.9929228592
15.9915134371
15.9893992933
15.9830508475
15.9809456598
15.9739069111
15.9689922481
15.9683098592
15.9655172414
15.9599156118
15.9613492621
15.9592696629
15.9571929825
15.9558204769
15.9544498949
15.9523809524
15.9531140658
15.951048951
15.9489867226
15.9525139665
15.9483600837
15.950488145
15.9484320557
15.9463788301
15.9443284621
15.9422809458
15.9457956915
15.94375
15.9417071478
15.939667129
15.939015939
15.9369806094
15.9349480969
15.9349930844
15.9288182446
15.932320442
15.9316770186
15.9372413793
15.9393521709
15.9373278237
15.9353062629
15.9332874828
15.9312714777
15.9292582418
15.9272477694
15.926611797
15.9246058944
15.9253424658
15.923340178
15.9213406293
15.9193438141
15.9159836066
15.9139931741
15.912005457
15.9100204499
15.9100817439
15.9081007488
15.9081632653
15.9095853161
15.9137228261
15.9137813985
15.9124830393
15.9105084746
15.9119241192
15.9099526066
15.9113667118
15.9087221095
15.9101351351
15.9115462525
15.9102564103
15.9123398517
15.9157681941
15.9138047138
15.9078061911
15.9098856759
15.9092741935
15.9106783076
15.910738255
15.9081153588
15.9001340483
15.9015405224
15.8995983936
15.8969899666
15.8983957219
15.9044756179
15.9012016021
15.9046030687
15.9066666667
15.9020652898
15.9001331558
15.9015302728
15.9022606383
15.9043189369
15.9083665339
15.9064366291
15.9111405836
15.9111994698
15.9158940397
15.9172733289
15.917989418
15.9167217449
15.9187582563
15.9161716172
15.9083113456
15.909690178
15.9018445323
15.8986175115
15.8960526316
15.9000657462
15.8988173456
15.9034799737
15.905511811
15.902295082
15.9036697248
15.9024230517
15.8979057592
15.8953564421
15.8986928105
15.8922273024
15.8864229765
15.8897586432
15.8937418514
15.8944625407
15.8932291667
15.8900455433
15.8855656697
15.8875893437
15.8850649351
15.8780012979
15.8806744488
15.8775113415
15.8814766839
15.8783171521
15.8809831824
15.8862314156
15.8901808786
15.8928340865
15.8980645161
15.8949065119
15.9007731959
15.9079201545
15.9118404118
15.9170418006
15.9132390746
15.9139370584
15.9107830552
15.9076330981
15.9108974359
15.9058295964
15.9058898848
15.9123480486
15.9136828645
15.9118210863
15.9125159642
15.9138481174
15.9100765306
15.9152326322
15.9108280255
15.9172501591
15.9141221374
15.9148124603
15.9129606099
15.9123809524
15.9162436548
15.9112238427
15.9112801014
15.9107029766
15.9107594937
15.9139784946
15.9140328698
15.9178774479
15.9236111111
15.9205047319
15.919924338
15.9224952741
15.9231738035
15.9251101322
15.9245283019
15.9245757385
15.9277638191
15.9296924043
15.9316185696
15.9310344828
15.9354636591
15.9336255479
15.9380475594
15.9418386492
15.94
15.9331667708
15.9350811486
15.9363693075
15.9395261845
15.9408099688
15.9420921544
15.9433727442
15.9458955224
15.9484151647
15.949068323
15.9447548107
15.9423076923
15.9417234966
15.9448574969
15.9411764706
15.9436881188
15.9387755102
15.9431396786
15.9376158122
15.937037037
15.9370758791
15.9414303329
15.9451632779
15.9482758621
15.9513846154
15.9526445264
15.9539028888
15.9563882064
15.9502762431
15.9484662577
15.9503372164
15.9534313725
15.95223515
15.9547123623
15.9571865443
15.9590464548
15.9554062309
15.956043956
15.9603416718
15.9646341463
15.9597806216
15.9579780755
15.9604382228
15.9635036496
15.9647416413
15.9605103281
15.9623557984
15.9563106796
15.9599757429
15.956969697
15.9527559055
15.9521791768
15.9576527526
15.9582829504
15.9540785498
15.9492753623
15.9541339771
15.9547647768
15.9547920434
15.9463855422
15.9440096328
15.9440433213
15.9422730006
15.9368990385
15.9297297297
15.9315726291
15.9352129574
15.9334532374
15.9328939485
15.9353293413
15.9383602633
15.9377990431
15.9312612074
15.9342891278
15.9343283582
15.9367541766
15.938580799
15.942193087
15.9446098868
15.9464285714
15.9482450922
15.9476813317
15.9483065954
15.9501187648
15.9525222552
15.9495848161
15.9537640782
15.9484597156
15.9490822972
15.950887574
15.9444115908
15.9462174941
15.9462492617
15.9421487603
15.9433628319
15.9433962264
15.9428403064
15.9399293286
15.9411418481
15.9447058824
15.9417989418
15.9383078731
15.9342337052
15.9289906103
15.9225806452
15.9237983587
15.9226713533
15.9238875878
15.9256875366
15.9286549708
15.9286966686
15.9316588785
15.9276123759
15.9311551925
15.9352769679
15.9341491841
15.9324403029
15.934225844
15.9272833042
15.9215116279
15.9233004067
15.9163763066
15.9204875218
15.9216937355
15.9257971014
15.9200463499
15.9200926462
15.9155092593
15.9201850781
15.9260115607
15.9312536106
15.9307159353
15.9272937103
15.9238754325
15.9170028818
15.9158986175
15.9130685089
15.914269275
15.9183438758
15.9229885057
15.9247558874
15.9219288175
15.9162363741
15.9185779817
15.9191977077
15.9232531501
15.9238694906
15.9296338673
15.926815323
15.9245714286
15.9286122216
15.9297945205
15.9349686252
15.9287343216
15.9344729345
15.9293849658
15.9288560046
15.933447099
15.9312109153
15.9278409091
15.9278818853
15.933030647
15.932501418
15.9297052154
15.9291784703
15.933182333
15.9326542162
15.9326923077
15.9293386094
15.9282485876
15.9260304912
15.9204288939
15.9199097575
15.9222096956
15.9216901408
15.9245495495
15.9262802476
15.9280089989
15.9286115795
15.9280898876
15.9314991578
15.923681257
15.9254066181
15.923206278
15.9232492997
15.9199328108
15.9210968103
15.918344519
15.9211850196
15.9251396648
15.9268565047
15.9302455357
15.929726715
15.9269788183
15.9292479109
15.9309576837
15.9293266555
15.9282536151
15.9299610895
15.9316666667
15.927817879
15.9273029967
15.9278979479
15.9279379157
15.9290858726
15.9302325581
15.9286109574
15.9264380531
15.9292426755
15.9270718232
15.9265599117
15.9271523179
15.9293987865
15.9266813671
15.929476584
15.9317180617
15.9317556412
15.9334433443
15.9323804288
15.9269230769
15.9247666118
15.9237102086
15.9259462425
15.9292763158
15.9243835616
15.9293537788
15.9310344828
15.9338074398
15.9256424276
15.9262295082
15.9208083015
15.9192139738
15.9230769231
15.9258451472
15.9204359673
15.9221132898
15.9232444203
15.9243743199
15.9255029908
15.9239130435
15.9228680065
15.9234527687
15.9224091156
15.9213665944
15.9235772358
15.9214517876
15.9220357336
15.9258658009
15.9286100595
15.9259459459
15.9281469476
15.9303455724
15.9320021587
15.9309600863
15.9336927224
15.9369612069
15.9386106624
15.9337997847
15.9349112426
15.9365591398
15.9355185384
15.9360902256
15.9286097692
15.9238197425
15.9238605898
15.9249732047
15.9276914837
15.9293361884
15.9325842697
15.9368983957
15.9380010689
15.9358974359
15.9396689802
15.9402347919
15.9408
15.9402985075
15.9387320192
15.9414270501
15.9409260245
15.9372340426
15.937267411
15.9373007439
15.9357408391
15.9341825902
15.9347480106
15.9358430541
15.9348171701
15.9348516949
15.9332980413
15.9301587302
15.933368588
15.9281183932
15.9323824617
15.9350580781
15.9372031662
15.93407173
15.9341064839
15.9330874605
15.9283833597
15.93
15.9337190952
15.936382755
15.9337887546
15.9290966387
15.9312335958
15.9365162644
15.9370739381
15.9381551363
15.9387113672
15.9382198953
15.9424385139
15.945083682
15.9482488238
15.9482758621
15.9498694517
15.9498956159
15.9504434011
15.9525547445
15.9510161542
15.9541666667
15.9562727746
15.9594172737
15.9563182527
15.9553014553
15.9516883117
15.9485981308
15.94654904
15.9408713693
15.9372731985
15.9409326425
15.9425168307
15.9373706004
15.9389549922
15.9405377456
15.942118863
15.9405991736
15.9421786267
15.9427244582
15.9463641052
15.9407216495
15.942812983
15.9376930999
15.9392691714
15.9403292181
15.9419023136
15.9424460432
15.9440164355
15.9430184805
15.9461262186
15.9471794872
15.951307022
15.9528688525
15.9544290835
15.9508700102
15.9524296675
15.9493865031
15.9524782831
15.9535240041
15.9555895865
15.9525510204
15.9525752167
15.9536187564
15.9546612328
15.9526476578
15.9536895674
15.9537131231
15.9501779359
15.9486788618
15.9481970543
15.9497461929
15.9482496195
15.9462474645
15.9442473391
15.9432624113
15.942278481
15.9387651822
15.9393019727
15.9388270981
15.9444163719
15.9454545455
15.942958102
15.9434914228
15.94200706
15.9400201613
15.9390428212
15.9360523666
15.9401107197
15.9371227364
15.9336349925
15.9336683417
15.9337016575
15.9387550201
15.941796287
15.9438314945
15.9423558897
15.9398797595
15.9364046069
15.9354354354
15.9374687344
15.933
